Andhra Pradesh 298,356,276,360,255,369,232,379,213,393,186,409,156,413,153,428,152,450,
		   168,450,179,463,173,474,211,456,211,415,228,415,297,355

Arunachal Pradesh---------------------------

Assam------------------------

Bihar---------------------

Chhattisgarh 232,376,218,358,233,288253,274,244,265,261,264,275,261,290,280,272,312,
		 260,313,254,321,257,338,247,332,250,356

Goa--------------

Gujarat 59,235,93,244,112,274,97,308,83,323,82,284,75,284,72,301,47,310,15,281,
	  43,264,21,266,3,245,16,240,

Haryana----------------------

Himachal Pradesh-----------------

Jharkhand 277,250,304,255,318,247,332,252,349,236,350,255,322,269,318,274,337,291,
	    323,287,320,296,305,296304,288289,288

Karnataka 164,367,101,398,97,413,96,428,109,473,141,494,159,488,159,474,177,465,
	    166,450,154,456,143,439152,412

Kerala 109,473,144,560,146,522,135,493

Madhya Pradesh 107,293,126,236,148,252,161,254,156,224,195,207,181,248,199,253,192,233,
		   259,260,241,263,249,276,218,304

Maharashtra 79,331,104,320,106,298,146,317,218,311,213,359,210,342,181,334,96,396,95,411,
		85,407

Manipur--------------------------

Meghalaya 391,222,435,224,435,233,390,232

Mizoram 441,247,453,254,446,287,434,252

Nagaland-------------------------------

Odisha 349,305,288,293,239,375,296,353

Punjab---------------------

Rajasthan 110,138,34,187,110,258,128,232,151,251,152,220,180,203

Sikkim-------------------------

Tamil Nadu 214,461,161,570140,496

Telangana 181,338,163,408,224,383

Tripura 429,250,432,262,420,271,413,259

Uttarakhand----------------------

Uttar Pradesh--------------------

West Bengal------------------------

The Government of NCT of Delhi-----------------------

Jammu & Kashmir----------------------------------


